Grau: 	Mínimo: 1
	Máximo: 78
	Média: 36.55 +- 22.983635482664614
	Mediana: 25
[[1.000e+00 2.000e+00 3.000e+00 4.000e+00 5.000e+00 6.000e+00 7.000e+00
  8.000e+00 9.000e+00 1.000e+01 1.100e+01 1.200e+01 1.300e+01 1.400e+01
  1.500e+01 1.600e+01 1.700e+01 1.800e+01 1.900e+01 2.000e+01 2.100e+01
  2.200e+01 2.300e+01 2.400e+01 2.500e+01 2.600e+01 2.700e+01 2.800e+01
  2.900e+01 3.000e+01 3.100e+01 3.200e+01 3.300e+01 3.400e+01 3.500e+01
  3.600e+01 3.700e+01 3.800e+01 3.900e+01 4.000e+01 4.100e+01 4.200e+01
  4.300e+01 4.400e+01 4.500e+01 4.600e+01 4.700e+01 4.800e+01 4.900e+01
  5.000e+01 5.100e+01 5.200e+01 5.300e+01 5.400e+01 5.500e+01 5.600e+01
  5.700e+01 5.800e+01 5.900e+01 6.000e+01 6.100e+01 6.200e+01 6.300e+01
  6.400e+01 6.500e+01 6.600e+01 6.700e+01 6.800e+01 6.900e+01 7.000e+01
  7.100e+01 7.200e+01 7.300e+01 7.400e+01 7.500e+01 7.600e+01 7.700e+01
  7.800e+01]
 [1.250e-02 1.250e-02 0.000e+00 0.000e+00 0.000e+00 0.000e+00 0.000e+00
  1.250e-02 0.000e+00 0.000e+00 1.250e-02 0.000e+00 1.250e-02 1.250e-02
  3.750e-02 1.250e-02 0.000e+00 3.750e-02 2.500e-02 5.000e-02 1.125e-01
  5.000e-02 7.500e-02 1.250e-02 3.750e-02 1.250e-02 2.500e-02 0.000e+00
  3.750e-02 0.000e+00 0.000e+00 1.250e-02 1.250e-02 1.250e-02 0.000e+00
  1.250e-02 1.250e-02 0.000e+00 0.000e+00 2.500e-02 1.250e-02 0.000e+00
  0.000e+00 1.250e-02 0.000e+00 0.000e+00 0.000e+00 0.000e+00 0.000e+00
  0.000e+00 0.000e+00 0.000e+00 0.000e+00 0.000e+00 0.000e+00 0.000e+00
  1.250e-02 0.000e+00 1.250e-02 0.000e+00 0.000e+00 0.000e+00 2.500e-02
  0.000e+00 0.000e+00 0.000e+00 2.500e-02 0.000e+00 1.250e-02 3.750e-02
  3.750e-02 0.000e+00 2.500e-02 1.250e-02 1.250e-02 3.750e-02 1.250e-02
  2.500e-02]] (PDF)

Distância: (3160 pares alcançáveis)
	Mínima: 1
	Máxima: 3
	Média: 1.5518987341772152 +- 0.5055040746542586
	Mediana: 2
[[1.         2.         3.        ]
 [0.45221519 0.54367089 0.00411392]] (PDF)

Componentes conexas: 1 componentes independentes 
	Mínima: 80
	Máxima: 80
	Média: 80.0 +- 0.0
	Mediana: 80
[[80.]
 [ 1.]] (PDF)

Betweenness: 	(Contralidade 1)
	Mínimo: 0.0
	Máximo: 0.056214668508991185
	Média: 0.007075624797143782 +- 0.011853817146071585
	Mediana: 7.929197135040974e-05
[[0.0, 5.901271724056534e-06, 1.1591783743682476e-05, 1.2982797792924375e-05, 1.3449409975756751e-05, 1.713008042121966e-05, 1.9688985623460677e-05, 2.1563658596334485e-05, 2.2465241776398682e-05, 2.3031352145276196e-05, 2.393293532534039e-05, 3.057949039697641e-05, 3.057949039697642e-05, 3.204718394591812e-05, 3.959532219761835e-05, 5.552252972494911e-05, 7.550320402431292e-05, 7.929197135040974e-05, 8.811299584006296e-05, 0.00010088676926577564, 0.00015141489225413882, 0.00027296208111540673, 0.00035250643768436324, 0.0004976739153954344, 0.0005233032378309668, 0.0005741252113397729, 0.001103959314915413, 0.001229615089153216, 0.0014152901564406493, 0.0017526279627873842, 0.0027203438364067556, 0.0029440589158022655, 0.0044012663332262765, 0.01122285438561208, 0.012309418003824794, 0.015207428410331469, 0.015991940898333647, 0.01660071010430463, 0.017789734692943183, 0.018281794650087935, 0.018496198635218748, 0.018932315848429374, 0.019244805411016228, 0.01968710407895174, 0.021482041390394672, 0.02233938964924225, 0.0233161377144321, 0.02388304050765918, 0.025215911572281327, 0.027610953044876776, 0.02869311123553126, 0.029823014732258086, 0.031437400858666364, 0.0327595550289218, 0.0405648092890036, 0.056214668508991185], [1.0, 0.8875, 0.825, 0.8125, 0.8, 0.7125, 0.6625, 0.65, 0.6375, 0.625, 0.5875, 0.575, 0.5625, 0.55, 0.5375, 0.525, 0.5125, 0.5, 0.4875, 0.475, 0.45, 0.4375, 0.425, 0.4125, 0.4, 0.3875, 0.375, 0.3625, 0.35, 0.3375, 0.325, 0.3125, 0.3, 0.2875, 0.275, 0.2625, 0.25, 0.2375, 0.225, 0.2125, 0.2, 0.1875, 0.175, 0.1625, 0.15, 0.1375, 0.125, 0.1125, 0.1, 0.0875, 0.075, 0.0625, 0.05, 0.0375, 0.025, 0.0125]] (CCDF)

Closeness: 	(Contralidade 2)
	Mínimo: 0.47305389221556887
	Máximo: 0.9634146341463414
	Média: 0.6706825152192297 +- 0.14410658407443744
	Mediana: 0.5939849624060151
[[0.47305389221556887, 0.4968553459119497, 0.5197368421052632, 0.5337837837837838, 0.5374149659863946, 0.541095890410959, 0.5486111111111112, 0.5524475524475524, 0.5563380281690141, 0.5602836879432624, 0.5642857142857143, 0.5683453237410072, 0.572463768115942, 0.5766423357664233, 0.5808823529411765, 0.5851851851851851, 0.5895522388059702, 0.5939849624060151, 0.5984848484848485, 0.6030534351145038, 0.6124031007751938, 0.6171875, 0.6220472440944882, 0.626984126984127, 0.6370967741935484, 0.6422764227642277, 0.6583333333333333, 0.6752136752136753, 0.6810344827586207, 0.7669902912621359, 0.7821782178217822, 0.8144329896907216, 0.8494623655913979, 0.8681318681318682, 0.8777777777777778, 0.8876404494382022, 0.9080459770114943, 0.9186046511627907, 0.9294117647058824, 0.9404761904761905, 0.9518072289156626, 0.9634146341463414], [1.0, 0.9875, 0.975, 0.9625, 0.95, 0.9375, 0.925, 0.9125, 0.8875, 0.875, 0.8375, 0.825, 0.8, 0.7625, 0.6375, 0.6, 0.525, 0.5125, 0.475, 0.45, 0.425, 0.4, 0.3875, 0.375, 0.3625, 0.35, 0.3375, 0.3125, 0.3, 0.2875, 0.275, 0.2625, 0.2375, 0.2125, 0.2, 0.1625, 0.125, 0.1, 0.0875, 0.075, 0.0375, 0.025]] (CCDF)

Clustering: 
	Mínimo: 0
	Máximo: 1.0
	Média: 0.823619395140032 +- 0.22632525958349964
	Mediana: 0.9733333333333334
[[0, 0.46982456140350876, 0.47760088855979266, 0.48, 0.4824961948249619, 0.4831543872639763, 0.48389485375786745, 0.4997987927565392, 0.5027386541471048, 0.5063938618925832, 0.509456740442656, 0.514919011082694, 0.525460930640913, 0.530690537084399, 0.5314337403889643, 0.5333625987708516, 0.5373134328358209, 0.5461538461538461, 0.5548076923076923, 0.5666666666666667, 0.5750841750841751, 0.5775956284153005, 0.6027568922305765, 0.6957026713124274, 0.8236130867709816, 0.8256097560975609, 0.8577524893314367, 0.8823529411764706, 0.8831908831908832, 0.8850806451612904, 0.8909090909090909, 0.9233333333333333, 0.9269162210338681, 0.9367588932806324, 0.9402298850574713, 0.9526881720430107, 0.9601139601139601, 0.9710144927536232, 0.9714285714285714, 0.9733333333333334, 0.9753694581280788, 0.9783549783549783, 0.9815384615384616, 0.9824561403508771, 0.9841897233201581, 0.9857142857142858, 0.987012987012987, 0.9883040935672515, 0.989010989010989, 0.9894736842105263, 0.9904761904761905, 0.9913419913419913, 0.9920948616600791, 0.9934640522875817, 0.9943019943019943, 0.9952380952380953, 0.9966666666666667, 1.0], [1.0, 0.9875, 0.9625, 0.95, 0.9375, 0.925, 0.9125, 0.9, 0.8875, 0.875, 0.8625, 0.85, 0.8375, 0.825, 0.8125, 0.8, 0.7875, 0.775, 0.7625, 0.75, 0.7375, 0.725, 0.7125, 0.7, 0.6875, 0.675, 0.6625, 0.65, 0.6375, 0.625, 0.6125, 0.6, 0.5875, 0.575, 0.5625, 0.55, 0.5375, 0.525, 0.5125, 0.5, 0.4875, 0.4625, 0.45, 0.4375, 0.425, 0.3875, 0.35, 0.3375, 0.325, 0.3125, 0.275, 0.2, 0.175, 0.1625, 0.15, 0.1375, 0.1125, 0.1]] (CCDF)
Padrão de Mixagem: Afiliação Partidária
	Assortatividade (atributo): -0.0026692136024512496
	Mapeamento: {'PDT': 0, 'CIDADANIA': 1, 'PODEMOS': 2, 'PSD': 3, 'PP': 4, 'MDB': 5, 'DEM': 6, 'REDE': 7, 'PROS': 8, 'REPUBLICANOS': 9, 'PT': 10, 'PSDB': 11, 'PL': 12, 'PSB': 13, 'PSL': 14, 'PSC': 15}
	Matriz:
[[0.         0.0010377  0.00345901 0.00276721 0.0010377  0.00276721
  0.0003459  0.0010377  0.0010377  0.0003459  0.00242131 0.00276721
  0.0010377  0.         0.         0.        ]
 [0.0010377  0.00172951 0.00622622 0.00553442 0.00276721 0.00588032
  0.00172951 0.0013836  0.00172951 0.0013836  0.00311311 0.00449671
  0.0013836  0.         0.0006918  0.        ]
 [0.00345901 0.00622622 0.02628848 0.01971636 0.01141474 0.02525078
  0.00726392 0.00484262 0.00622622 0.00484262 0.01245244 0.01902456
  0.00484262 0.00172951 0.00345901 0.0013836 ]
 [0.00276721 0.00553442 0.01971636 0.01452785 0.00864753 0.01694915
  0.00622622 0.00484262 0.00518852 0.00415081 0.01176064 0.01729505
  0.00518852 0.0010377  0.00207541 0.0006918 ]
 [0.0010377  0.00276721 0.01141474 0.00864753 0.00449671 0.01141474
  0.00311311 0.00242131 0.00311311 0.00276721 0.00622622 0.01003113
  0.00242131 0.0003459  0.0006918  0.0003459 ]
 [0.00276721 0.00588032 0.02525078 0.01694915 0.01141474 0.02628848
  0.00691802 0.00553442 0.00657212 0.00518852 0.01279834 0.02040816
  0.00588032 0.0010377  0.00207541 0.0010377 ]
 [0.0003459  0.00172951 0.00726392 0.00622622 0.00311311 0.00691802
  0.00242131 0.00172951 0.00172951 0.00172951 0.00311311 0.00691802
  0.00172951 0.0003459  0.         0.        ]
 [0.0010377  0.0013836  0.00484262 0.00484262 0.00242131 0.00553442
  0.00172951 0.0010377  0.0013836  0.0010377  0.00276721 0.00380491
  0.0010377  0.0003459  0.0006918  0.0003459 ]
 [0.0010377  0.00172951 0.00622622 0.00518852 0.00311311 0.00657212
  0.00172951 0.0013836  0.00172951 0.0013836  0.00345901 0.00518852
  0.0013836  0.0003459  0.0006918  0.0003459 ]
 [0.0003459  0.0013836  0.00484262 0.00415081 0.00276721 0.00518852
  0.00172951 0.0010377  0.0013836  0.0006918  0.00276721 0.00484262
  0.0010377  0.0003459  0.0006918  0.0003459 ]
 [0.00242131 0.00311311 0.01245244 0.01176064 0.00622622 0.01279834
  0.00311311 0.00276721 0.00345901 0.00276721 0.00657212 0.00968523
  0.00276721 0.0006918  0.0010377  0.0003459 ]
 [0.00276721 0.00449671 0.01902456 0.01729505 0.01003113 0.02040816
  0.00691802 0.00380491 0.00518852 0.00484262 0.00968523 0.01383604
  0.00415081 0.0010377  0.00276721 0.0010377 ]
 [0.0010377  0.0013836  0.00484262 0.00518852 0.00242131 0.00588032
  0.00172951 0.0010377  0.0013836  0.0010377  0.00276721 0.00415081
  0.0010377  0.0003459  0.0006918  0.0003459 ]
 [0.         0.         0.00172951 0.0010377  0.0003459  0.0010377
  0.0003459  0.0003459  0.0003459  0.0003459  0.0006918  0.0010377
  0.0003459  0.         0.         0.        ]
 [0.         0.0006918  0.00345901 0.00207541 0.0006918  0.00207541
  0.         0.0006918  0.0006918  0.0006918  0.0010377  0.00276721
  0.0006918  0.         0.         0.        ]
 [0.         0.         0.0013836  0.0006918  0.0003459  0.0010377
  0.         0.0003459  0.0003459  0.0003459  0.0003459  0.0010377
  0.0003459  0.         0.         0.        ]]
Padrão de Mixagem: Alinhamento (partidário) com o governo
	Assortatividade (atributo): 0.008366543726329745
	Mapeamento: {'apoio': 0, 'medio': 1, 'oposicao': 2}
	Matriz:
[[0.38291249 0.14666205 0.08751297]
 [0.14666205 0.05811138 0.03424421]
 [0.08751297 0.03424421 0.02213767]]
