Grau: 	Mínimo: 0
	Máximo: 71
	Média: 11.05 +- 15.397970645510402
	Mediana: 6
[[0.000e+00 1.000e+00 2.000e+00 3.000e+00 4.000e+00 5.000e+00 6.000e+00
  7.000e+00 8.000e+00 9.000e+00 1.000e+01 1.100e+01 1.200e+01 1.300e+01
  1.400e+01 1.500e+01 1.600e+01 1.700e+01 1.800e+01 1.900e+01 2.000e+01
  2.100e+01 2.200e+01 2.300e+01 2.400e+01 2.500e+01 2.600e+01 2.700e+01
  2.800e+01 2.900e+01 3.000e+01 3.100e+01 3.200e+01 3.300e+01 3.400e+01
  3.500e+01 3.600e+01 3.700e+01 3.800e+01 3.900e+01 4.000e+01 4.100e+01
  4.200e+01 4.300e+01 4.400e+01 4.500e+01 4.600e+01 4.700e+01 4.800e+01
  4.900e+01 5.000e+01 5.100e+01 5.200e+01 5.300e+01 5.400e+01 5.500e+01
  5.600e+01 5.700e+01 5.800e+01 5.900e+01 6.000e+01 6.100e+01 6.200e+01
  6.300e+01 6.400e+01 6.500e+01 6.600e+01 6.700e+01 6.800e+01 6.900e+01
  7.000e+01 7.100e+01]
 [1.250e-02 2.500e-02 3.750e-02 6.250e-02 7.500e-02 1.750e-01 1.375e-01
  1.250e-01 1.500e-01 6.250e-02 0.000e+00 0.000e+00 0.000e+00 1.250e-02
  0.000e+00 0.000e+00 0.000e+00 0.000e+00 0.000e+00 0.000e+00 0.000e+00
  1.250e-02 0.000e+00 0.000e+00 0.000e+00 0.000e+00 0.000e+00 0.000e+00
  0.000e+00 1.250e-02 0.000e+00 1.250e-02 1.250e-02 0.000e+00 0.000e+00
  0.000e+00 0.000e+00 0.000e+00 0.000e+00 1.250e-02 0.000e+00 0.000e+00
  0.000e+00 0.000e+00 0.000e+00 0.000e+00 0.000e+00 0.000e+00 0.000e+00
  0.000e+00 0.000e+00 0.000e+00 0.000e+00 0.000e+00 0.000e+00 0.000e+00
  0.000e+00 0.000e+00 1.250e-02 0.000e+00 0.000e+00 0.000e+00 0.000e+00
  0.000e+00 1.250e-02 1.250e-02 0.000e+00 1.250e-02 0.000e+00 0.000e+00
  0.000e+00 1.250e-02]] (PDF)

Distância: (3081 pares alcançáveis)
	Mínima: 1
	Máxima: 3
	Média: 1.890295358649789 +- 0.3983574809680364
	Mediana: 2
[[1.         2.         3.        ]
 [0.14021422 0.82927621 0.03050957]] (PDF)

Componentes conexas: 2 componentes independentes 
	Mínima: 1
	Máxima: 79
	Média: 40.0 +- 39.0
	Mediana: 79
[[ 1.   2.   3.   4.   5.   6.   7.   8.   9.  10.  11.  12.  13.  14.
  15.  16.  17.  18.  19.  20.  21.  22.  23.  24.  25.  26.  27.  28.
  29.  30.  31.  32.  33.  34.  35.  36.  37.  38.  39.  40.  41.  42.
  43.  44.  45.  46.  47.  48.  49.  50.  51.  52.  53.  54.  55.  56.
  57.  58.  59.  60.  61.  62.  63.  64.  65.  66.  67.  68.  69.  70.
  71.  72.  73.  74.  75.  76.  77.  78.  79. ]
 [ 0.5  0.   0.   0.   0.   0.   0.   0.   0.   0.   0.   0.   0.   0.
   0.   0.   0.   0.   0.   0.   0.   0.   0.   0.   0.   0.   0.   0.
   0.   0.   0.   0.   0.   0.   0.   0.   0.   0.   0.   0.   0.   0.
   0.   0.   0.   0.   0.   0.   0.   0.   0.   0.   0.   0.   0.   0.
   0.   0.   0.   0.   0.   0.   0.   0.   0.   0.   0.   0.   0.   0.
   0.   0.   0.   0.   0.   0.   0.   0.   0.5]] (PDF)

Betweenness: 	(Contralidade 1)
	Mínimo: 0.0
	Máximo: 0.20158304701740792
	Média: 0.01112869198312236 +- 0.03764797836474996
	Mediana: 3.108280721592277e-05
[[0.0, 1.0142810775722168e-05, 1.6228497241155468e-05, 2.0939996440200605e-05, 2.6371308016877638e-05, 3.108280721592277e-05, 3.716849368135608e-05, 4.7311304457078236e-05, 6.714613441849048e-05, 7.165405031881144e-05, 0.0001122252934217001, 0.00011351326939322039, 0.00015408451249610905, 0.00017212042528498222, 0.0002203726887271191, 0.0002442470796901177, 0.00026485469523444203, 0.00028108319247559753, 0.0003090514396149349, 0.0003369813496395775, 0.00034712416041529973, 0.0004017857095643947, 0.014092630729523336, 0.014983195860594798, 0.018065064765248516, 0.021541780267280475, 0.02761897034048932, 0.03519626177854026, 0.0960135036084403, 0.1404357086548797, 0.14704623361983504, 0.16994825380901318, 0.20158304701740792], [1.0, 0.625, 0.6, 0.5375, 0.5125, 0.5, 0.35, 0.3375, 0.3125, 0.3, 0.2875, 0.275, 0.2625, 0.25, 0.2375, 0.225, 0.2125, 0.2, 0.1875, 0.175, 0.1625, 0.15, 0.1375, 0.125, 0.1125, 0.1, 0.0875, 0.075, 0.0625, 0.05, 0.0375, 0.025, 0.0125]] (CCDF)

Closeness: 	(Contralidade 2)
	Mínimo: 0.0
	Máximo: 0.8852029681361852
	Média: 0.5252011624638528 +- 0.10171824607558035
	Mediana: 0.5100176041579344
[[0.0, 0.35005753739930956, 0.4530156366344006, 0.47833949209843546, 0.48435634105564845, 0.487421887518026, 0.49052648552769496, 0.4936708860759494, 0.49685585953450384, 0.5000821962847279, 0.5033507073715562, 0.5066622251832112, 0.5100176041579344, 0.5134177215189873, 0.516863478039249, 0.5203557988368115, 0.5385500575373993, 0.570464135021097, 0.6016613924050633, 0.6063988836838433, 0.6364682498169264, 0.7625015666123575, 0.8106595602931379, 0.8280930992241732, 0.837094111172262, 0.8852029681361852], [1.0, 0.9875, 0.975, 0.9625, 0.95, 0.925, 0.9125, 0.9, 0.8625, 0.8125, 0.775, 0.7375, 0.5875, 0.475, 0.375, 0.2375, 0.1375, 0.125, 0.1125, 0.1, 0.075, 0.0625, 0.05, 0.0375, 0.025, 0.0125]] (CCDF)

Clustering: 
	Mínimo: 0
	Máximo: 1.0
	Média: 0.7935369708173631 +- 0.29352363022441574
	Mediana: 0.9047619047619048
[[0, 0.13512361466325662, 0.14388120839733742, 0.15048076923076922, 0.1560021152829191, 0.16558441558441558, 0.21771771771771772, 0.2692307692307692, 0.3471264367816092, 0.35714285714285715, 0.3645320197044335, 0.3793103448275862, 0.6, 0.6666666666666666, 0.7333333333333333, 0.75, 0.7857142857142857, 0.8, 0.8095238095238095, 0.8214285714285714, 0.8333333333333334, 0.8571428571428571, 0.8611111111111112, 0.8666666666666667, 0.8888888888888888, 0.8928571428571429, 0.9, 0.9047619047619048, 0.9166666666666666, 0.9285714285714286, 0.9333333333333333, 0.9444444444444444, 0.9523809523809523, 1.0], [1.0, 0.9625, 0.95, 0.9375, 0.925, 0.9125, 0.9, 0.8875, 0.875, 0.8625, 0.85, 0.8375, 0.825, 0.8125, 0.8, 0.7875, 0.775, 0.7625, 0.75, 0.7375, 0.7125, 0.7, 0.65, 0.6375, 0.6125, 0.6, 0.5875, 0.525, 0.475, 0.4625, 0.3875, 0.3625, 0.35, 0.3375]] (CCDF)
Padrão de Mixagem: Afiliação Partidária
	Assortatividade (atributo): -0.0026692136024512496
	Mapeamento: {'PDT': 0, 'CIDADANIA': 1, 'PODEMOS': 2, 'PSD': 3, 'PP': 4, 'MDB': 5, 'DEM': 6, 'REDE': 7, 'PROS': 8, 'REPUBLICANOS': 9, 'PT': 10, 'PSDB': 11, 'PL': 12, 'PSB': 13, 'PSL': 14, 'PSC': 15}
	Matriz:
[[0.         0.00114416 0.         0.         0.         0.00228833
  0.         0.00228833 0.         0.         0.00114416 0.00228833
  0.         0.         0.         0.        ]
 [0.00114416 0.00572082 0.00915332 0.01029748 0.00686499 0.01258581
  0.00457666 0.00343249 0.00343249 0.00228833 0.00686499 0.00800915
  0.00228833 0.00114416 0.00228833 0.00114416]
 [0.         0.00915332 0.00800915 0.02059497 0.00457666 0.02173913
  0.00114416 0.01029748 0.         0.00343249 0.01029748 0.02059497
  0.00114416 0.         0.00114416 0.00114416]
 [0.         0.01029748 0.02059497 0.02631579 0.00572082 0.02631579
  0.00457666 0.01258581 0.00114416 0.00228833 0.01144165 0.01830664
  0.00228833 0.         0.00114416 0.00114416]
 [0.         0.00686499 0.00457666 0.00572082 0.00114416 0.00686499
  0.         0.00686499 0.         0.         0.00686499 0.00915332
  0.         0.         0.         0.        ]
 [0.00228833 0.01258581 0.02173913 0.02631579 0.00686499 0.0194508
  0.00457666 0.01258581 0.00457666 0.00228833 0.02059497 0.02402746
  0.00343249 0.         0.00228833 0.00114416]
 [0.         0.00457666 0.00114416 0.00457666 0.         0.00457666
  0.         0.00457666 0.         0.         0.00343249 0.00457666
  0.         0.         0.         0.        ]
 [0.00228833 0.00343249 0.01029748 0.01258581 0.00686499 0.01258581
  0.00457666 0.00343249 0.00343249 0.00228833 0.00686499 0.00800915
  0.00114416 0.00114416 0.00228833 0.00114416]
 [0.         0.00343249 0.         0.00114416 0.         0.00457666
  0.         0.00343249 0.         0.         0.00114416 0.00457666
  0.         0.         0.         0.        ]
 [0.         0.00228833 0.00343249 0.00228833 0.         0.00228833
  0.         0.00228833 0.         0.00114416 0.00343249 0.00228833
  0.         0.         0.         0.        ]
 [0.00114416 0.00686499 0.01029748 0.01144165 0.00686499 0.02059497
  0.00343249 0.00686499 0.00114416 0.00343249 0.01258581 0.01716247
  0.00228833 0.00114416 0.00228833 0.        ]
 [0.00228833 0.00800915 0.02059497 0.01830664 0.00915332 0.02402746
  0.00457666 0.00800915 0.00457666 0.00228833 0.01716247 0.02059497
  0.00343249 0.         0.00228833 0.        ]
 [0.         0.00228833 0.00114416 0.00228833 0.         0.00343249
  0.         0.00114416 0.         0.         0.00228833 0.00343249
  0.         0.         0.         0.        ]
 [0.         0.00114416 0.         0.         0.         0.
  0.         0.00114416 0.         0.         0.00114416 0.
  0.         0.         0.         0.        ]
 [0.         0.00228833 0.00114416 0.00114416 0.         0.00228833
  0.         0.00228833 0.         0.         0.00228833 0.00228833
  0.         0.         0.         0.        ]
 [0.         0.00114416 0.00114416 0.00114416 0.         0.00114416
  0.         0.00114416 0.         0.         0.         0.
  0.         0.         0.         0.        ]]
Padrão de Mixagem: Alinhamento (partidário) com o governo
	Assortatividade (atributo): 0.008366543726329745
	Mapeamento: {'apoio': 0, 'medio': 1, 'oposicao': 2}
	Matriz:
[[0.32494279 0.13615561 0.12356979]
 [0.13615561 0.0389016  0.03775744]
 [0.12356979 0.03775744 0.04118993]]
