Grau: 	Mínimo: 67
	Máximo: 79
	Média: 78.0 +- 2.3345235059857505
	Mediana: 79
[[6.70e+01 6.80e+01 6.90e+01 7.00e+01 7.10e+01 7.20e+01 7.30e+01 7.40e+01
  7.50e+01 7.60e+01 7.70e+01 7.80e+01 7.90e+01]
 [1.25e-02 1.25e-02 0.00e+00 1.25e-02 0.00e+00 0.00e+00 1.25e-02 0.00e+00
  7.50e-02 2.50e-02 5.00e-02 5.00e-02 7.50e-01]] (PDF)

Distância: (3160 pares alcançáveis)
	Mínima: 1
	Máxima: 2
	Média: 1.0126582278481013 +- 0.11179444134592213
	Mediana: 1
[[1.         2.        ]
 [0.98734177 0.01265823]] (PDF)

Componentes conexas: 1 componentes independentes 
	Mínima: 80
	Máxima: 80
	Média: 80.0 +- 0.0
	Mediana: 80
[[80.]
 [ 1.]] (PDF)

Betweenness: 	(Contralidade 1)
	Mínimo: 0.0
	Máximo: 0.00019391005303921198
	Média: 0.0001622849724115548 +- 6.219222841161845e-05
	Mediana: 0.00019391005303921198
[[0.0, 8.65519852861625e-06, 9.621638680526958e-06, 1.7547525784043904e-05, 2.928616191416116e-05, 3.138038771817166e-05, 3.570798698247979e-05, 7.917309551390723e-05, 9.019524517855515e-05, 0.00010674962775557666, 0.00016500072552367074, 0.00017467333708586015, 0.00017467333708586017, 0.00019391005303921198], [1.0, 0.9875, 0.975, 0.9625, 0.925, 0.9125, 0.8875, 0.8625, 0.825, 0.8125, 0.8, 0.775, 0.7625, 0.75]] (CCDF)

Closeness: 	(Contralidade 2)
	Mínimo: 0.8681318681318682
	Máximo: 1.0
	Média: 0.9882744486628837 +- 0.026562824332784788
	Mediana: 1.0
[[0.8681318681318682, 0.8777777777777778, 0.8977272727272727, 0.9294117647058824, 0.9518072289156626, 0.9634146341463414, 0.9753086419753086, 0.9875, 1.0], [1.0, 0.9875, 0.975, 0.9625, 0.95, 0.875, 0.85, 0.8, 0.75]] (CCDF)

Clustering: 
	Mínimo: 0.9870172022070757
	Máximo: 1.0
	Média: 0.9890431729782574 +- 0.004033212782120688
	Mediana: 0.9870172022070757
[[0.9870172022070757, 0.988011988011988, 0.9886779886779887, 0.992072072072072, 0.9935064935064936, 0.99419002050581, 0.9971929824561403, 0.9974774774774775, 0.9975155279503105, 0.9985585585585586, 0.9991220368744512, 0.9992389649923896, 1.0], [1.0, 0.25, 0.225, 0.2, 0.1875, 0.175, 0.1375, 0.1125, 0.0875, 0.075, 0.0375, 0.025, 0.0125]] (CCDF)

Page Rank: 
	Mínimo: 0.0064705672957281486
	Máximo: 0.023395126995346342
	Média: 0.012500000000000006 +- 0.0032478555597831847
	Mediana: 0.012113132875997724
[[0.0064705672957281486, 0.006487965018371578, 0.006550730792558595, 0.006798337181447852, 0.008171220092028883, 0.008307308260367182, 0.008401990900310564, 0.008836483055071662, 0.008869767344910818, 0.009122558108013589, 0.009144927711775074, 0.009336016005929914, 0.009676606578638603, 0.009830386746861512, 0.009840153536806891, 0.009934035023732175, 0.010134320354380742, 0.010245721156774636, 0.010258436597183259, 0.010309098352051682, 0.010357541310534648, 0.010664387135082101, 0.010698013046031726, 0.010810381142663075, 0.01094686435473051, 0.011013432762156139, 0.011105567265366245, 0.011278777808753145, 0.011298832586462528, 0.011388228452382285, 0.011416918099600428, 0.011430606651028678, 0.011433962204301967, 0.011560651798546068, 0.011562043850864201, 0.011628262001627865, 0.011745904051105347, 0.011877184253031242, 0.011887945435780794, 0.012020929282659772, 0.012113132875997724, 0.012126329295585521, 0.012141746829578874, 0.012175420521164855, 0.012211900997506105, 0.012255090494538544, 0.01230694272810709, 0.012565663081323257, 0.01283270664042664, 0.012868066955610297, 0.012945421085199017, 0.01346590224785208, 0.013494834688282447, 0.01361499305282272, 0.013749685832067877, 0.013905217938182866, 0.014078994932212879, 0.014095195195241035, 0.01413058850311968, 0.014144627954414436, 0.014335667446343224, 0.014336292619272032, 0.014437428050500889, 0.014683138532177712, 0.01486887039794242, 0.01487544886308425, 0.015094041641631877, 0.015192998270164924, 0.015212164864114974, 0.0157978488130226, 0.015955751668882523, 0.016577178618887113, 0.01703460449735871, 0.01727152574298539, 0.017510447121657505, 0.018809784800873995, 0.019960345533754652, 0.020141577146595886, 0.02043423292051695, 0.023395126995346342], [1.0, 0.9875, 0.975, 0.9625, 0.95, 0.9375, 0.925, 0.9125, 0.9, 0.8875, 0.875, 0.8625, 0.85, 0.8375, 0.825, 0.8125, 0.8, 0.7875, 0.775, 0.7625, 0.75, 0.7375, 0.725, 0.7125, 0.7, 0.6875, 0.675, 0.6625, 0.65, 0.6375, 0.625, 0.6125, 0.6, 0.5875, 0.575, 0.5625, 0.55, 0.5375, 0.525, 0.5125, 0.5, 0.4875, 0.475, 0.4625, 0.45, 0.4375, 0.425, 0.4125, 0.4, 0.3875, 0.375, 0.3625, 0.35, 0.3375, 0.325, 0.3125, 0.3, 0.2875, 0.275, 0.2625, 0.25, 0.2375, 0.225, 0.2125, 0.2, 0.1875, 0.175, 0.1625, 0.15, 0.1375, 0.125, 0.1125, 0.1, 0.0875, 0.075, 0.0625, 0.05, 0.0375, 0.025, 0.0125]] (PDF)

